EC133 0.8688524590163934 0.13114754098360656 1060 160
EC135 0.9738372093023255 0.02616279069767442 335 9
EC137 0.9963998892273609 0.003600110772639158 7196 26
EC143 0.9875141884222475 0.012485811577752554 870 11
EC157 0.961449336423004 0.038550663576996 4564 183
EC162 0.9824854045037531 0.01751459549624687 2356 42
EC175 0.9498069498069498 0.05019305019305019 492 26
EC130 1.0 0.0 1465 0
EC183 1.0 0.0 220 0
EC186 0.5280701754385965 0.47192982456140353 903 807
EC187 0.9984790874524715 0.001520912547528517 1313 2
EC191 0.9034267912772586 0.09657320872274143 580 62
EC196 0.9141414141414141 0.08585858585858586 543 51
EC219 0.9816377171215881 0.01836228287841191 1978 37
EC220 0.9580093312597201 0.041990668740279936 2464 108
EC221 0.959254947613504 0.04074505238649592 824 35
EC222 0.8416 0.1584 2630 495